id,name,score
523,zogq9g,53
