id,name,score
155,il67h4,15
