id,name,score
639,xkkasd,4
